Mensagem a codificar: Ola, por favor me traga 75 cafes!

Valores em ASCII: 79 108 97 44 32 112 111 114 32 102 97 118 111 114 32 109 101 32 116 114 97 103 97 32 55 53 32 99 97 102 101 115 33 

Codificada: 504 0 275 258 211 211 585 509 0 815 552 1111 1092 65 261 839 277 1003 423 0 397 674 57 7 501 1112 0 92 562 

Concatenada: 504027525821121158550908155521111109265261839277100342303976745775011112092562 

Repartida: 504 0 275 258 211 211 585 509 0 815 552 1111 1092 652 618 392 771 0 0 342 303 976 745 775 0 1111 209 256 2

Valores ASCII: 79 108 97 44 32 112 111 114 32 102 97 118 111 114 31 255 81 72 33 39 0 0 90 0 47 74 30 83 84 96 0 111 175 96 36 31 8 

Decodificada: Ola, por favor me traga 75 caj8#;N


Chave publica: (1147, 7)
Chave privada: (1147, 463)
